142124
167139
165417
167087
168399
162960
166961
169166
168961
169000
169027
168430
168774
168480
168901
168712
168748
168377
168798
169114
169386
169347
169482
169738
169162
169266
169638
169435
169044
169154
169308
169337
168842
164985
169355
168737
169066
168804
168667
169487
169609
169250
168844
169043
169046
169630
164532
169365
168634
169585
164660
169277
169056
166882
168732
168610
168702
168979
168875
168780
168680
165090
168302
168711
168678
169360
169069
169233
168397
168238
169280
164869
169129
169085
168069
169170
169231
169370
168937
169123
168780
168763
168564
166164
168613
167389
169636
169367
169332
169287
169209
169084
169407
169229
169207
169595
169486
169215
168717
167244
169323
169168
168942
167465
167332
168905
169446
168722
169824
169155
169114
169318
168283
169137
168119
169312
169283
169691
169602
169218
169681
169424
169383
169837
175823
167412
169606
169585
169291
167921
167011
169387
168851
167028
166608
168932
169044
169130
169028
168849
169118
169398
165972
165026
168307
168579
169192
168126
167158
167192
167359
166648
168410
166627
168245
169109
169120
168884
169329
169185
169072
168956
169116
168946
169181
167974
153816
155265
164670
147736
167128
168411
166214
165075
149840
166849
168508
144018
140964
168804
169320
169226
168535
169229
167582
169458
168864
168631
168453
169047
169351
169473
169021
169213
169489
169482
169449
169314
169490
169620
169115
169013
168545
168936
169562
168860
168045
167165
169186
168450
169619
169264
176852
170951
169079
166573
168522
169515
169214
169038
169487
169076
168751
168587
168905
169362
169024
169380
168701
169287
169547
169116
168921
169267
169198
169396
168313
166961
168977
169071
169565
169233
168825
169087
169197
169485
169568
169315
169307
169393
169164
168114
169219
169549
169347
168838
168933
167870
162643
167622
169113
169420
168983
168851
169555
169443
169687
169174
169042
168853
168415
168743
168884
169428
168884
169209
169394
169491
168771
169065
169248
169689
168821
169554
169636
169055
169552
169259
169367
169535
169407
169514
169364
168705
167950
169253
169337
169237
169016
169092
168306
169315
168953
169361
169662
169483
174295
174604
177387
177339
171765
173869
177068
177090
168115
169598
169253
169788
169157
169559
169131
169629
169158
169476
169062
169273
169492
169704
164956
167979
169019
168673
169254
169275
169491
169396
168812
166439
168747
168778
168941
169146
168906
169344
168534
169515
169603
168999
169277
169324
169255
169513
169394
168166
169467
169528
169273
169650
169288
169220
169018
168852
167434
167811
168211
168160
169565
168765
169231
169622
169743
170213
175589
175644
175722
170265
177095
177290
174695
168575
169401
169556
169149
169455
169562
169412
169330
169230
169590
169398
169426
169577
169267
169626
169088
169023
169343
168823
169283
169391
169253
169504
169221
168968
169502
169321
169209
169163
169308
169298
168979
169151
168297
168919
168702
169030
167154
168847
168837
169451
169364
168907
168611
168086
169143
169253
169375
168824
169161
169267
169418
169688
168478
168514
168290
168671
169006
169312
169463
169324
169237
169429
168701
167607
169082
169409
169569
169607
169264
169252
169274
169024
168676
169040
168446
167187
167503
169181
169261
169420
169539
170079
172714
168711
168149
169616
169088
169433
168992
168977
169091
169603
169306
169396
169490
168797
169117
169636
169224
169462
169064
169161
169121
168917
168795
167254
169590
169681
169395
169034
169207
168986
169134
168998
169197
169371
169408
169680
169341
169405
169289
169224
168530
168786
169315
169398
169142
169413
169626
169436
169679
169799
169679
169590
168218
168695
168745
169339
169297
169144
169672
169410
168522
169030
169635
169270
169395
169626
169164
169187
169727
169553
169406
168458
169308
169719
169586
169389
169607
169189
169119
169404
168936
169296
169757
169309
169654
169730
169534
169549
169585
169719
169684
169591
169492
169312
169237
169348
168123
169105
169311
168111
169207
168765
168696
169139
169378
168943
168959
169412
169466
169004
169635
169142
166967
169110
169088
168941
169284
169168
169407
168940
169350
169031
168523
169517
169340
169548
169710
169275
169113
168921
169552
169060
168990
169482
168874
168959
169227
166894
168612
167034
169071
167938
168664
169039
168380
168506
166566
168114
168672
167083
169020
167136
167297
168667
167925
169283
168896
169212
169345
168222
168506
167396
167590
168414
166647
168372
167545
167936
168453
168099
168211
167951
168047
167200
167043
168241
167613
166752
167842
167451
168762
167967
164985
166927
167720
168436
167674
167423
168423
168547
168716
168703
168805
167603
167417
168035
167561
167652
167269
168208
168262
167109
168152
168609
167852
168171
167230
168158
167644
166605
168095
168277
167904
168759
166851
166795
167812
168631
168595
166773
168407
167780
167653
168153
167962
169543
169387
165760
168972
169017
169734
169270
169569
169242
169482
169333
169216
169347
169466
169768
169786
168841
169732
169761
174173
175638
176083
171441
169438
169719
169250
169603
169079
169513
169801
175476
176821
177051
174531
175421
177474
172621
168848
169239
169324
169523
169546
169492
169469
169056
169147
169490
169302
168396
169363
169257
169176
169421
169165
169614
169128
168300
169217
169198
169068
169397
169614
169361
169176
169542
169413
169562
168794
169069
169429
169196
169216
169524
169281
169290
168852
167027
169282
169168
169112
168119
169461
168958
169254
169461
169746
169148
169830
169559
169410
169683
169330
169604
169610
169505
169394
168549
166870
168868
168884
169373
169527
169552
169562
169423
169655
169488
169488
169552
169127
167128
169283
168890
168667
168742
167849
165317
168866
169154
168730
169017
168798
169552
169432
169688
169540
169565
168867
168956
169245
169685
169074
169737
172134
169461
173338
173478
170482
173593
177570
177633
177368
177046
177485
177429
177629
177486
177023
177352
177345
177203
177438
176907
176994
177069
177029
175249
173776
169238
167551
168853
166076
168149
168162
167497
169052
163439
167255
167677
168761
168127
167812
167934
168511
167635
168638
167640
168580
165852
167488
168725
168584
168961
168691
169412
168560
168127
168239
167061
167120
168641
169118
168325
168474
167747
168648
166923
168589
167780
167579
168613
167722
168325
168534
168662
168865
167646
168419
169221
169249
168389
168325
164683
169229
169386
169362
169427
168741
169602
169425
169613
169349
169262
168968
169249
169505
169591
169313
169369
168909
169088
169572
169283
165466
163308
167316
177266
168741
167448
169400
169375
169084
169294
167953
169173
169077
169280
168796
168651
169274
169305
168847
167170
169530
168032
168967
169054
168935
169331
168983
169439
169030
169495
169527
169216
169444
169773
169184
169245
169157
169050
169195
168994
169294
169276
169157
168408
168750
168479
168700
168949
167407
169735
169427
169102
169197
169458
169387
169919
169626
169641
169255
169191
168999
169553
169344
169635
169039
169347
169569
169641
169321
169300
169328
169230
169138
168843
168135
168372
168100
169012
168880
169468
169033
169216
169605
169492
168609
169312
169518
169316
169079
169007
169068
168982
169193
169211
169872
169492
168762
169362
169049
169310
173722
174646
175775
177491
171486
169227
169806
169711
169726
169697
169518
167020
169338
169316
169354
169620
169074
169263
169461
169514
169704
169315
168984
169174
168068
168958
169527
169868
175538
177502
177039
177354
177269
177192
177224
168990
169055
168571
168800
169417
169085
168013
168353
167872
166685
167043
167650
168281
167880
167753
166791
167749
168784
168602
168455
168895
167364
169431
168803
168589
167086
168059
168397
168881
167863
169142
168726
168876
167798
168230
167435
167518
167933
166965
166825
168602
168577
169099
166610
169007
168307
168594
169244
168096
168023
168128
167867
168915
168754
168883
168462
168849
169497
169269
169268
169039
168682
169065
167964
168967
168118
168704
168780
167496
168619
168886
168774
169226
168825
167853
167908
169220
169548
168277
167559
167165
166045
167629
168286
169339
167109
169141
169447
169025
169177
169428
169159
167476
169262
168146
167617
165415
168111
169128
168783
168102
167438
168485
168661
168377
167610
163352
168942
168685
167955
164346
166459
168280
167801
167678
169368
168614
166822
167103
169061
167707
167550
168036
168312
165137
168034
168528
167329
164602
168607
167774
168764
168784
168192
168669
166857
168942
168659
167846
168935
167345
168223
168275
168935
169096
167632
168405
168590
169095
168949
166766
168475
169004
169225
169229
168637
168677
169330
168593
168092
165650
164966
166628
166025
166678
165864
165611
168405
165574
168315
165094
165780
168162
167862
168697
167134
167989
168474
166755
168541
165759
168471
168909
168813
168877
167409
169264
168937
168551
169297
168496
169581
169481
169067
168702
169478
169452
169194
169096
168988
169094
169437
169004
168984
169415
169642
169558
169051
169113
168949
168245
168884
168674
168738
168211
168591
168467
169031
169257
168984
166005
168361
168365
169469
168351
169149
169215
169297
168445
168832
168960
169109
169063
168973
169178
166432
169470
169719
168950
169356
169000
169276
169081
169342
167773
169622
169314
169363
168907
169356
168206
169466
169518
169407
169245
169181
168741
169226
169163
168615
168949
169092
169894
171780
169531
169000
169657
169316
169527
169539
169480
167425
168914
169411
169405
169346
169627
169234
169329
167255
169381
169234
168907
168761
169072
168767
167090
167143
166768
166295
167196
168702
167371
168666
168265
169429
169444
169620
169607
169713
169409
169138
169238
169027
169253
169323
168648
169296
169153
169184
167876
169046
167697
169215
169642
169563
169195
169570
169034
169430
169629
169110
167977
168424
167793
169250
169385
169140
168468
168384
168216
168754
168520
169160
168901
168833
169329
169714
169336
168668
168607
168813
169128
169519
168959
168397
169422
168682
169374
169355
169061
167948
169109
168953
169418
169203
168688
169242
169638
169353
168376
168967
169037
168701
169353
169316
169502
172749
169092
166379
169249
168611
169139
169344
169061
168658
169107
168948
169209
168550
167447
168054
168308
168960
169103
169250
169106
168965
169217
168880
168884
168723
168745
167856
168271
169024
168787
168759
168950
168504
168617
168770
169710
168977
168976
169039
169335
169491
169560
168931
169113
169336
168392
169206
169309
169066
175958
174711
169364
168681
168712
169444
169684
169611
169629
168244
169280
169278
169311
169507
168212
168655
169320
169527
169565
169510
169556
169390
168966
168432
169171
168380
166960
168242
167739
167551
168096
167871
167934
168089
166202
167770
168104
167678
167948
164230
164736
164968
167203
167994
165767
165005
168373
167993
165683
168035
168771
169333
168652
169034
168984
168579
165381
168317
167036
164855
164328
168308
168289
168010
166924
168294
161360
166044
168494
167524
168632
167511
168078
168463
168372
168964
168904
168601
167482
168310
167961
168521
167282
168400
165181
168502
168722
166788
168708
169180
168770
168483
168112
168434
168447
169243
169145
169096
169611
169446
169413
167152
166816
168794
167159
168090
167613
166385
167517
168205
168208
167662
167856
169207
168067
168826
168864
168964
168304
168268
168714
168841
168380
168810
168251
168957
168963
168474
169230
169306
169138
169493
168411
168298
168458
169267
169672
169332
169136
168978
168301
169403
169300
168762
169166
169118
169186
169489
169439
169455
168570
169314
169221
169652
169258
169114
169373
167505
168914
168209
168547
168664
168517
168042
166740
168817
168355
169107
168663
164171
168000
168905
165722
167780
165296
166933
168289
164290
167976
162501
166030
167921
166678
168457
167179
162324
168601
166665
166246
163810
166330
166991
165241
164922
167145
166135
166822
161466
167534
166530
166343
164121
167989
168144
168151
167807
168780
168130
168493
168597
167980
168858
167589
166062
165066
167818
166920
165866
168060
166863
167193
167394
167343
168306
168243
168895
168339
166140
167320
165337
167502
164720
165563
168185
168425
167702
167668
167716
167920
168458
167971
168776
168836
168730
166899
167297
168212
167449
167493
168995
169068
168481
166461
168761
166934
167203
167236
167211
169021
167812
168839
168362
169198
169540
169566
169161
169470
169254
169248
168993
169180
169352
169452
169354
169287
168899
169004
169137
167630
169505
169103
173725
174265
170526
169931
169592
177119
174631
174014
175712
174133
167542
176025
175965
169324
166579
168840
169116
168735
168648
169422
169179
169017
168663
168937
164686
168818
164648
168608
167847
164592
165140
167006
168660
168332
168812
168112
169039
169511
169019
169373
169006
169511
169705
169337
169011
169037
169006
167000
168862
169082
169242
169186
170568
169455
169068
169149
169229
169011
169023
169403
169253
169194
169052
169245
168958
168981
169144
169297
169109
169637
168923
169048
169182
169101
169173
169223
168421
168557
168137
168841
169162
169274
168919
167149
168004
168289
169535
169394
169327
169184
168826
169292
169127
169129
167570
169399
169438
169011
169169
169402
169082
169305
169093
169070
169014
168988
169147
169547
169425
169753
171236
177239
177309
169952
168275
169034
169582
168738
169061
169473
168863
169006
169112
169460
171422
170001
169341
169028
169333
168965
169272
168550
169088
169381
168822
168859
169206
168174
169665
165670
169136
169456
169138
168447
169144
169128
169459
169109
169473
169381
169467
169330
169097
168805
167940
168948
169810
169290
169494
169330
169082
168769
169237
168786
168860
168977
169124
169403
169690
169115
169292
169412
168895
168738
168260
169074
169345
169367
169546
169437
169693
169500
169439
169547
169690
169329
169301
168250
169288
169075
169343
169292
169262
169433
169305
169031
169378
169377
169236
169444
169160
169526
169646
168513
168621
169224
168786
168760
169635
169157
169268
168930
169059
168149
168269
168652
169496
169716
169771
169672
169945
169518
169645
168168
166688
168774
169462
168976
169599
169548
169670
169441
169252
169817
169316
169042
169380
169437
169401
168942
168356
169403
169424
169722
169730
169550
169569
169455
