139833
166089
167557
163689
168129
168125
169187
168872
168451
169454
169547
169717
169239
168780
168885
168951
167596
168697
168758
168897
169296
169226
168056
169024
168899
169505
169664
168892
169490
169218
168533
169028
168874
167873
168971
169006
169193
169296
169325
168817
169233
169487
168829
168996
169322
168923
169589
168528
165371
168407
168948
166473
168668
169377
168923
169296
169371
169263
169145
169055
169300
169130
169181
169549
168848
168998
169281
168732
169599
169660
169719
168818
169174
169080
166733
169176
169198
169279
169528
169647
168882
169347
167873
168915
169347
169478
167172
168342
168989
169086
169301
169232
169302
169534
169610
169670
169289
169240
168919
169156
168937
169638
169020
168624
168870
169073
169256
169726
169066
168995
169276
169530
169388
169312
169338
169858
169416
169469
169431
169267
169113
169559
169697
169432
169353
169187
169506
169001
168946
169611
167980
168457
168671
168591
169145
168989
168738
169396
169103
169294
169360
168732
168526
168568
168946
169110
168971
169200
169067
169167
168380
169503
169617
169389
168159
168390
169108
169320
169195
169218
169064
169240
169666
169394
169308
169418
169258
169530
169638
169641
169704
169680
169429
168956
169328
169265
169429
168881
169194
169349
169485
169556
169343
169465
169386
169412
169289
168879
168427
168773
169328
169444
169168
169703
169645
175972
177118
170316
169112
169144
169178
168940
168770
168383
169514
169081
169470
169561
169040
167839
169590
169306
169465
169393
169307
169440
169242
169518
169333
169498
169337
169474
168916
168557
169281
169291
166427
167292
167089
169188
168822
168873
169058
164638
168170
169115
169087
168786
168782
169303
169657
169367
169224
168592
168881
168796
168670
169241
169180
169294
168213
166921
168985
169202
169285
169060
168007
167525
169345
169159
169401
169368
168319
168927
168954
169819
169554
169485
169339
169321
169591
175388
177402
177160
175131
166903
168686
167205
169134
169059
168619
169046
169161
169057
169297
169103
169395
168670
169272
169269
169184
168656
168946
168610
169356
165705
166859
167976
166794
169276
169613
169368
169533
169093
169487
169524
169379
169096
169359
169496
169427
169685
169160
169171
169056
167040
169392
168732
169332
167992
169349
169170
168309
168468
168456
169000
169051
169231
167864
169315
169482
169144
169472
169395
169435
169517
169382
169156
169337
169424
169416
169422
168768
168970
167549
168363
166263
166324
169043
169325
168993
169247
169282
169442
169036
169850
169610
169084
168627
167869
169039
168618
169386
169081
169327
168781
168707
167315
166195
163964
168526
169223
169509
169212
169166
169424
169227
168781
169211
168966
168936
168949
168711
168961
168992
169426
169225
169251
169021
169003
169141
168557
169194
169189
169142
169576
169097
168791
169120
169257
169369
168963
169138
169027
167342
169134
169057
168961
168978
169345
169095
169362
169464
169193
169346
169511
169475
169045
169005
169247
169182
169115
169112
169265
169508
169531
169184
169255
169133
168932
169328
169327
169285
169149
169102
169207
169193
169285
169357
169688
169139
169320
169146
169244
169148
169239
169224
169308
169106
168518
168512
169143
169056
169089
169580
169031
169280
169148
167374
169439
169335
168016
169357
169212
169468
169475
169169
169246
169745
167570
166845
169079
169509
169514
169376
169353
169543
169544
169145
168719
169377
169389
169238
169316
169542
169582
169423
169441
169383
169489
169604
169417
169427
169545
169536
169685
169635
169645
169593
169787
169423
168998
168304
168473
169468
169364
169119
169564
169593
169559
169253
169335
169672
169479
169521
169446
169232
169110
169246
169593
169475
169531
169450
169440
169667
169588
169888
169329
169204
169806
169467
169110
169445
169219
169396
169515
169464
169405
169598
169418
169458
169389
169287
169534
169299
168844
169306
168831
169385
169531
169583
169156
169501
169356
169384
169635
169557
169487
169061
169450
169345
169302
169330
168133
169312
169464
169501
169411
169447
169388
169398
168984
164642
169372
169324
169428
169241
167927
169038
168721
169142
169525
169503
169287
169159
169362
169392
169389
169621
169135
169473
169613
169580
169317
169491
168860
169682
169479
169161
169334
168832
168808
168142
165264
169479
169513
169435
169198
169123
169271
169469
169250
169350
169218
169175
169379
169415
169383
169040
169446
169283
169192
168871
169148
169276
169023
167756
169137
169584
169464
169268
169188
169144
169124
169558
169264
169258
169199
169303
169370
169254
168922
169375
168967
169436
169269
169319
169505
169233
169372
169044
169187
169415
169237
169431
168242
169182
169560
168713
168946
169191
169533
169235
169059
169682
169154
167773
169324
169117
169617
169836
169457
169656
169801
169805
169570
169190
169329
169314
169284
169522
169562
169307
168712
168392
169334
169391
169484
169212
169452
169579
169634
169462
169178
169459
169381
169430
169235
169348
169431
169585
169774
169024
167952
169494
169634
169465
169414
169295
169200
169450
169566
169608
169259
169369
169390
167959
166163
168893
169304
169458
169365
169402
169540
169261
169428
169503
169283
169142
168772
169609
169520
169556
169307
169482
169507
169322
169112
169158
169456
169455
169409
169088
168853
169287
169357
169794
169454
169708
169372
168985
168871
169713
169472
169547
169297
169411
169613
169527
169557
169493
169437
169559
169443
169596
169180
169098
169457
168109
169515
169634
169571
169374
169202
169511
169273
169622
169463
169260
169594
169380
169198
169346
168953
169077
169302
169308
169139
169195
169198
169461
167874
168982
169572
169263
169477
169259
169380
168817
169381
168802
169137
168902
168944
169181
169092
169498
169372
169051
169331
169419
169582
169326
169336
169383
169329
169382
169389
169291
169442
169341
169498
168626
169211
169464
169494
169385
169415
169291
169293
169240
169454
169054
169365
169178
167387
169481
169501
169332
169316
169517
168200
169572
169103
169072
169555
169192
169553
169286
169336
168756
169327
168979
169086
169435
169624
169435
167597
169202
168728
169279
169378
168412
169318
169030
169078
168979
169530
169004
168517
168738
168272
169549
169529
169577
169380
169711
169617
169571
169674
169806
169357
169349
169277
169619
169399
169611
169449
169240
169549
168566
169465
169359
169607
169691
169382
169691
169743
169437
169601
169536
168776
169208
169465
169479
169689
169421
168565
169261
168183
169619
169492
169318
169228
169387
169713
167889
168051
169129
169453
169553
169773
169307
169224
168939
169380
169518
168628
168304
168703
169392
165867
169548
169513
169530
169727
169539
169394
169556
167515
169468
169432
169248
169355
169428
169297
168634
169256
169355
169182
169338
169484
169225
169467
169611
169438
169645
169472
169372
169525
169653
169582
169377
169389
169414
169395
169472
169454
169390
168904
169300
169428
169387
167908
169319
168949
168728
169363
169255
169281
169516
169559
169241
168999
169401
169455
169569
169323
169311
169118
169502
169357
168866
169159
169109
169453
169248
168735
168589
169425
169515
169274
169163
169416
169154
169500
169641
168757
169487
169632
169319
169291
169226
169218
169224
169094
169162
169392
169054
169258
168874
169207
169098
169235
169507
169438
169358
169275
169318
169372
169122
169147
169392
169136
169264
169726
169370
169489
169306
169254
169540
169326
168891
169164
169519
169179
169319
169410
169586
169156
169163
169125
169541
169418
169236
169088
169173
169473
169129
169111
169404
169159
169097
169233
169462
169325
169675
168832
167964
168676
168975
169337
169366
169300
169373
167945
169277
169325
169298
169489
169684
169685
169791
169379
169472
169557
169661
169449
169362
169382
169634
169563
169681
169576
169481
169447
169453
169308
169485
169310
169684
169453
169133
169196
169276
169573
169694
168898
169523
169480
169457
169539
169401
169283
169488
169397
167652
169734
169368
169187
169457
169341
169735
169383
169644
169564
169797
169355
169119
169232
168723
168692
169438
169468
169881
169674
169643
168412
169050
169506
169619
169420
169820
169736
169481
169480
169554
169557
169400
169371
168924
169573
169564
169511
166683
168548
169776
169600
169461
169409
169653
169365
168814
169454
169612
169484
169653
169761
169441
169464
166425
169180
169475
169237
169549
169399
169266
169606
168254
169216
169392
169401
169489
169158
168760
168153
169450
168138
169124
169298
169453
169428
169288
169428
169005
169513
169356
168980
169277
169247
169337
169133
169520
169000
169443
169558
169450
167753
167767
168268
169208
169341
169038
169365
169524
169200
168237
169671
169105
169129
169079
169153
168756
167820
167758
167793
167745
167801
167020
167669
167544
167790
167750
167897
167739
167600
167675
168013
167785
167562
167875
167519
167745
167806
167930
167715
167702
167548
167608
168072
167503
167702
167847
167710
167920
167872
167614
167590
167582
167823
167980
167736
167965
167537
167393
167761
167702
168033
167820
167581
167570
167747
167736
167653
167874
167987
167256
167677
167921
168590
168179
169260
169180
169026
169623
169468
169334
169404
169374
169470
169593
169641
169625
169490
169463
169492
169511
169553
169611
169537
169270
169181
169375
169241
169454
169576
169319
169411
169269
169737
168992
169674
169409
169809
169550
169918
169139
169342
169154
169251
169622
169273
169146
169252
169274
169345
169408
169377
166678
169487
169565
169198
169544
169538
169549
169789
165951
169534
169424
169332
169594
169507
169246
169471
169295
169509
169660
169303
169472
169639
169315
169785
169295
169532
168772
169643
169519
169041
169378
169688
169743
169428
169438
169508
169449
169558
169468
169645
169531
169623
169431
169443
169929
169524
169533
169759
169360
169426
169191
168735
169261
169791
169389
167922
169677
169464
169323
169492
168472
168839
169380
168905
166639
167055
168773
169019
169446
169227
168990
168875
169338
169644
168116
169311
169152
168801
169139
168966
168264
169269
169161
169628
169703
169028
169231
169455
169199
169741
165950
169087
169366
169303
169547
169507
169353
169507
169584
169213
169259
169005
169480
169936
174497
177582
177351
177337
177243
176994
172094
169555
169096
169626
168527
169358
169606
169289
169086
169353
169200
168890
168868
169167
168767
169128
169227
169121
169135
168988
168860
169121
169502
169625
169298
169188
169456
169193
169652
169703
169715
169502
169569
168038
167562
169524
169302
169527
169571
169429
169700
169719
169292
169478
169432
169098
169433
168075
169644
169513
167340
168251
169336
169315
169158
169521
169214
169122
169544
169619
169568
169428
169259
169352
169349
169330
169472
169393
169044
169283
169262
168910
169529
169451
169984
169535
169511
169480
169216
169179
169477
169246
168795
169497
169151
169117
169137
168826
169013
169396
169472
169617
168698
169272
168362
168807
168629
168858
169168
169226
169547
169744
169413
169460
169445
169426
169301
167967
168804
169170
169175
169522
168663
169514
169611
169661
169617
169967
169288
169538
169642
169631
169065
169396
169423
169618
169291
169299
169431
169566
169553
169328
169350
168294
169493
169393
169170
169128
169610
169585
169590
169395
169618
169490
169219
168809
168942
168473
168961
168048
169145
169435
169709
169549
169435
169309
169618
169609
169209
168895
166399
169145
169418
169161
169142
169079
169049
169095
169636
169401
169558
169515
169037
168795
169056
169289
169386
169334
168968
169185
169550
169314
169357
169891
169731
169373
168921
169441
169758
169422
167853
167930
169157
169685
169649
169319
169545
169656
165773
167633
167926
169284
169357
169223
168507
168548
168715
168136
169512
169525
169490
169255
169393
167836
169798
169836
169433
169539
169521
169610
169323
169464
169152
169611
169549
169685
169190
169683
169713
169383
169451
169064
169243
169500
169185
169463
169190
169360
169345
169133
169260
169177
169066
169345
169222
168715
169495
169342
169367
169489
168724
169258
167975
169426
169368
169407
169317
168971
169439
169417
167542
168771
168138
168857
166594
168562
169194
168975
169553
169294
169029
168821
169084
169277
169096
169465
169264
169399
169360
169299
169494
169203
169397
169578
169506
169294
169351
169815
169380
169665
169292
169583
168611
169350
169412
169652
169540
169472
169246
169394
169638
169435
169566
169512
169542
169320
169010
168994
169216
169115
169283
169795
167475
169288
169764
169613
168934
169280
169521
169540
169731
169766
169438
169265
168716
169135
169612
169485
169588
169401
168419
167655
168069
168990
169595
169032
169329
169280
169514
169414
169449
169883
169410
168971
169499
169368
169294
169722
169535
168627
168677
169566
169392
169639
168059
168750
169550
169332
169122
169711
169607
168849
169316
169097
169014
169114
169196
168923
169738
169612
169448
169581
169294
169635
169562
169399
169388
169514
169543
169464
169556
169303
169375
169289
168370
168319
169377
168687
169547
169661
169454
169682
169011
168445
169554
169688
169807
169864
169930
169506
169546
169592
169770
169740
169708
169633
169809
169188
169430
169883
169576
169744
169555
169590
168603
168784
168745
169262
169245
168660
169194
166326
169480
169431
169365
169465
169447
169512
169521
169806
169813
169812
169386
169330
169717
169615
169603
169131
169241
169480
169496
169709
169530
168884
168654
168671
168691
168664
169609
169224
169384
169517
169176
169492
169354
169617
169626
168222
169112
169639
169774
169286
169343
169214
169646
169607
169805
164967
168389
169265
169579
167587
168855
169526
169477
169145
169383
169525
169411
169498
169517
169120
169443
169293
169498
165247
163222
167810
169107
169162
169296
169483
169000
168758
169873
169277
169418
169355
169440
169501
168713
168820
168789
168708
168483
169163
168732
168767
169656
169466
169396
169578
168957
169345
169608
169244
169571
169705
169401
169582
169522
169337
169440
169314
169261
169390
169593
169054
169234
169539
169371
169228
169384
169198
169742
169654
169500
167087
169309
169857
169760
167312
169260
168939
169178
169211
168525
169222
169335
169210
169287
169687
169476
169583
169371
169290
168424
164883
167581
168390
169535
169376
